#name	%unambiguousReads	unambiguousMB	%ambiguousReads	ambiguousMB	unambiguousReads	ambiguousReads	assignedReads	assignedBases
007235	0.28073	0.304096	0.00000	0.000000	2924	0	2924	304096
008566	0.23513	0.254696	0.00000	0.000000	2449	0	2449	254696
002551	0.20968	0.227136	0.00000	0.000000	2184	0	2184	227136
001727	0.20594	0.223080	0.00000	0.000000	2145	0	2145	223080
003960	0.19480	0.211016	0.00000	0.000000	2029	0	2029	211016
011470	0.18866	0.204360	0.00000	0.000000	1965	0	1965	204360
006022	0.17858	0.193440	0.00000	0.000000	1860	0	1860	193440
005021	0.15323	0.165984	0.00000	0.000000	1596	0	1596	165984
011393	0.14776	0.160056	0.00000	0.000000	1539	0	1539	160056
006729	0.14613	0.158288	0.00000	0.000000	1522	0	1522	158288
004148	0.14440	0.156416	0.00000	0.000000	1504	0	1504	156416
000282	0.14373	0.155688	0.00000	0.000000	1497	0	1497	155688
010115	0.13518	0.146432	0.00000	0.000000	1408	0	1408	146432
003987	0.13355	0.144664	0.00000	0.000000	1391	0	1391	144664
001126	0.12846	0.139152	0.00000	0.000000	1338	0	1338	139152
007535	0.12731	0.137904	0.00000	0.000000	1326	0	1326	137904
002898	0.12356	0.133848	0.00000	0.000000	1287	0	1287	133848
011447	0.12318	0.133432	0.00000	0.000000	1283	0	1283	133432
007718	0.12116	0.131248	0.00000	0.000000	1262	0	1262	131248
010332	0.12049	0.130520	0.00000	0.000000	1255	0	1255	130520
008302	0.11684	0.126568	0.00000	0.000000	1217	0	1217	126568
000151	0.11118	0.120432	0.00000	0.000000	1158	0	1158	120432
010173	0.11099	0.120224	0.00000	0.000000	1156	0	1156	120224
009699	0.10945	0.118560	0.00000	0.000000	1140	0	1140	118560
010088	0.10935	0.118456	0.00000	0.000000	1139	0	1139	118456
003285	0.10782	0.116792	0.00000	0.000000	1123	0	1123	116792
003916	0.10638	0.115232	0.00000	0.000000	1108	0	1108	115232
009170	0.10619	0.115024	0.00000	0.000000	1106	0	1106	115024
001386	0.10561	0.114400	0.00000	0.000000	1100	0	1100	114400
007358	0.10503	0.113776	0.00000	0.000000	1094	0	1094	113776
000694	0.10427	0.112944	0.00000	0.000000	1086	0	1086	112944
008838	0.10398	0.112632	0.00000	0.000000	1083	0	1083	112632
008978	0.10350	0.112112	0.00000	0.000000	1078	0	1078	112112
010326	0.10331	0.111904	0.00000	0.000000	1076	0	1076	111904
007444	0.10158	0.110032	0.00000	0.000000	1058	0	1058	110032
007955	0.10100	0.109408	0.00000	0.000000	1052	0	1052	109408
006869	0.10071	0.109096	0.00000	0.000000	1049	0	1049	109096
011095	0.10052	0.108888	0.00000	0.000000	1047	0	1047	108888
001599	0.09956	0.107848	0.00000	0.000000	1037	0	1037	107848
005757	0.09803	0.106184	0.00000	0.000000	1021	0	1021	106184
011179	0.09793	0.106080	0.00000	0.000000	1020	0	1020	106080
011118	0.09745	0.105560	0.00000	0.000000	1015	0	1015	105560
006521	0.09678	0.104832	0.00000	0.000000	1008	0	1008	104832
006856	0.09668	0.104728	0.00000	0.000000	1007	0	1007	104728
003359	0.09639	0.104416	0.00000	0.000000	1004	0	1004	104416
000429	0.09428	0.102128	0.00000	0.000000	982	0	982	102128
001837	0.09294	0.100672	0.00000	0.000000	968	0	968	100672
009352	0.09284	0.100568	0.00000	0.000000	967	0	967	100568
004109	0.09227	0.099944	0.00000	0.000000	961	0	961	99944
001861	0.09121	0.098800	0.00000	0.000000	950	0	950	98800
005265	0.09102	0.098592	0.00000	0.000000	948	0	948	98592
010622	0.09025	0.097760	0.00000	0.000000	940	0	940	97760
008342	0.08967	0.097136	0.00000	0.000000	934	0	934	97136
002912	0.08890	0.096304	0.00000	0.000000	926	0	926	96304
005266	0.08833	0.095680	0.00000	0.000000	920	0	920	95680
005267	0.08622	0.093392	0.00000	0.000000	898	0	898	93392
004542	0.08612	0.093288	0.00000	0.000000	897	0	897	93288
007657	0.08545	0.092560	0.00000	0.000000	890	0	890	92560
006401	0.08497	0.092040	0.00000	0.000000	885	0	885	92040
008167	0.08420	0.091208	0.00000	0.000000	877	0	877	91208
002511	0.08353	0.090480	0.00000	0.000000	870	0	870	90480
008399	0.08324	0.090168	0.00000	0.000000	867	0	867	90168
009953	0.08199	0.088816	0.00000	0.000000	854	0	854	88816
010170	0.08190	0.088712	0.00000	0.000000	853	0	853	88712
007939	0.08170	0.088504	0.00000	0.000000	851	0	851	88504
009836	0.08142	0.088192	0.00000	0.000000	848	0	848	88192
007986	0.08132	0.088088	0.00000	0.000000	847	0	847	88088
009298	0.08036	0.087048	0.00000	0.000000	837	0	837	87048
011600	0.08007	0.086736	0.00000	0.000000	834	0	834	86736
004826	0.07930	0.085904	0.00000	0.000000	826	0	826	85904
002832	0.07863	0.085176	0.00000	0.000000	819	0	819	85176
003662	0.07796	0.084448	0.00000	0.000000	812	0	812	84448
011255	0.07777	0.084240	0.00000	0.000000	810	0	810	84240
002152	0.07777	0.084240	0.00000	0.000000	810	0	810	84240
008435	0.07729	0.083720	0.00000	0.000000	805	0	805	83720
005254	0.07710	0.083512	0.00000	0.000000	803	0	803	83512
003077	0.07681	0.083200	0.00000	0.000000	800	0	800	83200
009438	0.07662	0.082992	0.00000	0.000000	798	0	798	82992
005376	0.07623	0.082576	0.00000	0.000000	794	0	794	82576
009265	0.07441	0.080600	0.00000	0.000000	775	0	775	80600
001072	0.07441	0.080600	0.00000	0.000000	775	0	775	80600
007388	0.07268	0.078728	0.00000	0.000000	757	0	757	78728
003253	0.07230	0.078312	0.00000	0.000000	753	0	753	78312
003045	0.07230	0.078312	0.00000	0.000000	753	0	753	78312
002020	0.07182	0.077792	0.00000	0.000000	748	0	748	77792
005612	0.07162	0.077584	0.00000	0.000000	746	0	746	77584
004057	0.07143	0.077376	0.00000	0.000000	744	0	744	77376
000274	0.07133	0.077272	0.00000	0.000000	743	0	743	77272
008745	0.07124	0.077168	0.00000	0.000000	742	0	742	77168
009212	0.07105	0.076960	0.00000	0.000000	740	0	740	76960
008215	0.07095	0.076856	0.00000	0.000000	739	0	739	76856
009768	0.07076	0.076648	0.00000	0.000000	737	0	737	76648
009012	0.07037	0.076232	0.00000	0.000000	733	0	733	76232
003436	0.07018	0.076024	0.00000	0.000000	731	0	731	76024
003828	0.06980	0.075608	0.00000	0.000000	727	0	727	75608
008898	0.06903	0.074776	0.00000	0.000000	719	0	719	74776
000464	0.06903	0.074776	0.00000	0.000000	719	0	719	74776
001716	0.06797	0.073632	0.00000	0.000000	708	0	708	73632
003387	0.06749	0.073112	0.00000	0.000000	703	0	703	73112
009238	0.06721	0.072800	0.00000	0.000000	700	0	700	72800
011711	0.06711	0.072696	0.00000	0.000000	699	0	699	72696
007865	0.06673	0.072280	0.00000	0.000000	695	0	695	72280
006932	0.06673	0.072280	0.00000	0.000000	695	0	695	72280
006162	0.06663	0.072176	0.00000	0.000000	694	0	694	72176
003514	0.06663	0.072176	0.00000	0.000000	694	0	694	72176
003974	0.06596	0.071448	0.00000	0.000000	687	0	687	71448
006957	0.06538	0.070824	0.00000	0.000000	681	0	681	70824
001944	0.06538	0.070824	0.00000	0.000000	681	0	681	70824
004234	0.06519	0.070616	0.00000	0.000000	679	0	679	70616
005380	0.06490	0.070304	0.00000	0.000000	676	0	676	70304
000520	0.06490	0.070304	0.00000	0.000000	676	0	676	70304
011959	0.06452	0.069888	0.00000	0.000000	672	0	672	69888
009984	0.06442	0.069784	0.00000	0.000000	671	0	671	69784
010065	0.06413	0.069472	0.00000	0.000000	668	0	668	69472
007409	0.06404	0.069368	0.00000	0.000000	667	0	667	69368
008841	0.06375	0.069056	0.00000	0.000000	664	0	664	69056
005467	0.06356	0.068848	0.00000	0.000000	662	0	662	68848
005486	0.06346	0.068744	0.00000	0.000000	661	0	661	68744
011482	0.06289	0.068120	0.00000	0.000000	655	0	655	68120
005417	0.06289	0.068120	0.00000	0.000000	655	0	655	68120
001663	0.06250	0.067704	0.00000	0.000000	651	0	651	67704
002516	0.06183	0.066976	0.00000	0.000000	644	0	644	66976
003329	0.06145	0.066560	0.00000	0.000000	640	0	640	66560
000087	0.06145	0.066560	0.00000	0.000000	640	0	640	66560
010038	0.06087	0.065936	0.00000	0.000000	634	0	634	65936
003945	0.06068	0.065728	0.00000	0.000000	632	0	632	65728
010160	0.06058	0.065624	0.00000	0.000000	631	0	631	65624
003502	0.06039	0.065416	0.00000	0.000000	629	0	629	65416
004035	0.06029	0.065312	0.00000	0.000000	628	0	628	65312
003297	0.06020	0.065208	0.00000	0.000000	627	0	627	65208
006996	0.06010	0.065104	0.00000	0.000000	626	0	626	65104
010575	0.05991	0.064896	0.00000	0.000000	624	0	624	64896
002702	0.05972	0.064688	0.00000	0.000000	622	0	622	64688
001051	0.05972	0.064688	0.00000	0.000000	622	0	622	64688
002980	0.05953	0.064480	0.00000	0.000000	620	0	620	64480
010651	0.05933	0.064272	0.00000	0.000000	618	0	618	64272
010557	0.05933	0.064272	0.00000	0.000000	618	0	618	64272
005190	0.05885	0.063752	0.00000	0.000000	613	0	613	63752
003244	0.05799	0.062816	0.00000	0.000000	604	0	604	62816
003762	0.05789	0.062712	0.00000	0.000000	603	0	603	62712
004175	0.05761	0.062400	0.00000	0.000000	600	0	600	62400
007506	0.05713	0.061880	0.00000	0.000000	595	0	595	61880
006043	0.05684	0.061568	0.00000	0.000000	592	0	592	61568
002097	0.05684	0.061568	0.00000	0.000000	592	0	592	61568
009914	0.05674	0.061464	0.00000	0.000000	591	0	591	61464
007698	0.05636	0.061048	0.00000	0.000000	587	0	587	61048
003190	0.05607	0.060736	0.00000	0.000000	584	0	584	60736
010022	0.05569	0.060320	0.00000	0.000000	580	0	580	60320
003930	0.05569	0.060320	0.00000	0.000000	580	0	580	60320
011359	0.05559	0.060216	0.00000	0.000000	579	0	579	60216
003334	0.05530	0.059904	0.00000	0.000000	576	0	576	59904
004440	0.05521	0.059800	0.00000	0.000000	575	0	575	59800
003697	0.05521	0.059800	0.00000	0.000000	575	0	575	59800
003522	0.05473	0.059280	0.00000	0.000000	570	0	570	59280
008901	0.05463	0.059176	0.00000	0.000000	569	0	569	59176
007004	0.05463	0.059176	0.00000	0.000000	569	0	569	59176
002217	0.05463	0.059176	0.00000	0.000000	569	0	569	59176
008270	0.05453	0.059072	0.00000	0.000000	568	0	568	59072
010583	0.05425	0.058760	0.00000	0.000000	565	0	565	58760
011418	0.05367	0.058136	0.00000	0.000000	559	0	559	58136
000479	0.05367	0.058136	0.00000	0.000000	559	0	559	58136
007461	0.05357	0.058032	0.00000	0.000000	558	0	558	58032
011038	0.05348	0.057928	0.00000	0.000000	557	0	557	57928
008708	0.05348	0.057928	0.00000	0.000000	557	0	557	57928
007103	0.05348	0.057928	0.00000	0.000000	557	0	557	57928
002774	0.05348	0.057928	0.00000	0.000000	557	0	557	57928
009864	0.05329	0.057720	0.00000	0.000000	555	0	555	57720
002730	0.05309	0.057512	0.00000	0.000000	553	0	553	57512
011584	0.05300	0.057408	0.00000	0.000000	552	0	552	57408
009465	0.05300	0.057408	0.00000	0.000000	552	0	552	57408
002472	0.05300	0.057408	0.00000	0.000000	552	0	552	57408
004236	0.05281	0.057200	0.00000	0.000000	550	0	550	57200
004141	0.05281	0.057200	0.00000	0.000000	550	0	550	57200
009818	0.05271	0.057096	0.00000	0.000000	549	0	549	57096
000041	0.05271	0.057096	0.00000	0.000000	549	0	549	57096
011954	0.05252	0.056888	0.00000	0.000000	547	0	547	56888
004378	0.05242	0.056784	0.00000	0.000000	546	0	546	56784
011269	0.05204	0.056368	0.00000	0.000000	542	0	542	56368
003081	0.05175	0.056056	0.00000	0.000000	539	0	539	56056
009623	0.05156	0.055848	0.00000	0.000000	537	0	537	55848
004807	0.05156	0.055848	0.00000	0.000000	537	0	537	55848
001424	0.05127	0.055536	0.00000	0.000000	534	0	534	55536
000077	0.05117	0.055432	0.00000	0.000000	533	0	533	55432
004471	0.05108	0.055328	0.00000	0.000000	532	0	532	55328
002356	0.05098	0.055224	0.00000	0.000000	531	0	531	55224
011249	0.05088	0.055120	0.00000	0.000000	530	0	530	55120
009328	0.05079	0.055016	0.00000	0.000000	529	0	529	55016
009093	0.05079	0.055016	0.00000	0.000000	529	0	529	55016
008103	0.05079	0.055016	0.00000	0.000000	529	0	529	55016
004920	0.05060	0.054808	0.00000	0.000000	527	0	527	54808
009908	0.05050	0.054704	0.00000	0.000000	526	0	526	54704
001450	0.05050	0.054704	0.00000	0.000000	526	0	526	54704
002340	0.05031	0.054496	0.00000	0.000000	524	0	524	54496
004799	0.05021	0.054392	0.00000	0.000000	523	0	523	54392
010339	0.04992	0.054080	0.00000	0.000000	520	0	520	54080
004636	0.04992	0.054080	0.00000	0.000000	520	0	520	54080
010099	0.04983	0.053976	0.00000	0.000000	519	0	519	53976
005043	0.04964	0.053768	0.00000	0.000000	517	0	517	53768
000001	0.04935	0.053456	0.00000	0.000000	514	0	514	53456
006876	0.04925	0.053352	0.00000	0.000000	513	0	513	53352
001873	0.04925	0.053352	0.00000	0.000000	513	0	513	53352
007342	0.04916	0.053248	0.00000	0.000000	512	0	512	53248
000654	0.04906	0.053144	0.00000	0.000000	511	0	511	53144
004594	0.04887	0.052936	0.00000	0.000000	509	0	509	52936
003584	0.04887	0.052936	0.00000	0.000000	509	0	509	52936
010427	0.04877	0.052832	0.00000	0.000000	508	0	508	52832
009362	0.04868	0.052728	0.00000	0.000000	507	0	507	52728
008843	0.04868	0.052728	0.00000	0.000000	507	0	507	52728
010377	0.04858	0.052624	0.00000	0.000000	506	0	506	52624
006271	0.04858	0.052624	0.00000	0.000000	506	0	506	52624
004836	0.04848	0.052520	0.00000	0.000000	505	0	505	52520
008002	0.04839	0.052416	0.00000	0.000000	504	0	504	52416
007891	0.04839	0.052416	0.00000	0.000000	504	0	504	52416
008630	0.04781	0.051792	0.00000	0.000000	498	0	498	51792
003299	0.04781	0.051792	0.00000	0.000000	498	0	498	51792
003242	0.04781	0.051792	0.00000	0.000000	498	0	498	51792
003062	0.04781	0.051792	0.00000	0.000000	498	0	498	51792
004917	0.04772	0.051688	0.00000	0.000000	497	0	497	51688
002567	0.04762	0.051584	0.00000	0.000000	496	0	496	51584
007043	0.04752	0.051480	0.00000	0.000000	495	0	495	51480
005028	0.04743	0.051376	0.00000	0.000000	494	0	494	51376
004333	0.04743	0.051376	0.00000	0.000000	494	0	494	51376
003375	0.04743	0.051376	0.00000	0.000000	494	0	494	51376
009252	0.04733	0.051272	0.00000	0.000000	493	0	493	51272
006152	0.04733	0.051272	0.00000	0.000000	493	0	493	51272
004021	0.04733	0.051272	0.00000	0.000000	493	0	493	51272
001483	0.04733	0.051272	0.00000	0.000000	493	0	493	51272
000136	0.04733	0.051272	0.00000	0.000000	493	0	493	51272
000875	0.04724	0.051168	0.00000	0.000000	492	0	492	51168
009159	0.04714	0.051064	0.00000	0.000000	491	0	491	51064
002599	0.04704	0.050960	0.00000	0.000000	490	0	490	50960
008987	0.04656	0.050440	0.00000	0.000000	485	0	485	50440
010947	0.04647	0.050336	0.00000	0.000000	484	0	484	50336
006371	0.04647	0.050336	0.00000	0.000000	484	0	484	50336
004067	0.04637	0.050232	0.00000	0.000000	483	0	483	50232
010953	0.04608	0.049920	0.00000	0.000000	480	0	480	49920
009809	0.04599	0.049816	0.00000	0.000000	479	0	479	49816
007345	0.04599	0.049816	0.00000	0.000000	479	0	479	49816
010838	0.04589	0.049712	0.00000	0.000000	478	0	478	49712
007367	0.04580	0.049608	0.00000	0.000000	477	0	477	49608
006395	0.04580	0.049608	0.00000	0.000000	477	0	477	49608
005283	0.04580	0.049608	0.00000	0.000000	477	0	477	49608
009372	0.04560	0.049400	0.00000	0.000000	475	0	475	49400
008731	0.04541	0.049192	0.00000	0.000000	473	0	473	49192
002237	0.04541	0.049192	0.00000	0.000000	473	0	473	49192
003651	0.04532	0.049088	0.00000	0.000000	472	0	472	49088
001169	0.04522	0.048984	0.00000	0.000000	471	0	471	48984
009948	0.04512	0.048880	0.00000	0.000000	470	0	470	48880
007678	0.04512	0.048880	0.00000	0.000000	470	0	470	48880
006210	0.04512	0.048880	0.00000	0.000000	470	0	470	48880
001811	0.04512	0.048880	0.00000	0.000000	470	0	470	48880
001265	0.04503	0.048776	0.00000	0.000000	469	0	469	48776
011014	0.04493	0.048672	0.00000	0.000000	468	0	468	48672
011911	0.04484	0.048568	0.00000	0.000000	467	0	467	48568
006391	0.04474	0.048464	0.00000	0.000000	466	0	466	48464
003477	0.04474	0.048464	0.00000	0.000000	466	0	466	48464
002298	0.04474	0.048464	0.00000	0.000000	466	0	466	48464
010846	0.04464	0.048360	0.00000	0.000000	465	0	465	48360
011910	0.04455	0.048256	0.00000	0.000000	464	0	464	48256
008206	0.04455	0.048256	0.00000	0.000000	464	0	464	48256
005940	0.04455	0.048256	0.00000	0.000000	464	0	464	48256
007762	0.04445	0.048152	0.00000	0.000000	463	0	463	48152
006125	0.04436	0.048048	0.00000	0.000000	462	0	462	48048
002974	0.04426	0.047944	0.00000	0.000000	461	0	461	47944
003545	0.04407	0.047736	0.00000	0.000000	459	0	459	47736
002712	0.04397	0.047632	0.00000	0.000000	458	0	458	47632
000134	0.04397	0.047632	0.00000	0.000000	458	0	458	47632
003702	0.04378	0.047424	0.00000	0.000000	456	0	456	47424
011795	0.04368	0.047320	0.00000	0.000000	455	0	455	47320
006500	0.04359	0.047216	0.00000	0.000000	454	0	454	47216
001116	0.04359	0.047216	0.00000	0.000000	454	0	454	47216
010003	0.04349	0.047112	0.00000	0.000000	453	0	453	47112
011662	0.04340	0.047008	0.00000	0.000000	452	0	452	47008
005573	0.04340	0.047008	0.00000	0.000000	452	0	452	47008
003442	0.04340	0.047008	0.00000	0.000000	452	0	452	47008
007469	0.04320	0.046800	0.00000	0.000000	450	0	450	46800
005374	0.04292	0.046488	0.00000	0.000000	447	0	447	46488
000751	0.04292	0.046488	0.00000	0.000000	447	0	447	46488
003718	0.04282	0.046384	0.00000	0.000000	446	0	446	46384
001824	0.04282	0.046384	0.00000	0.000000	446	0	446	46384
000782	0.04282	0.046384	0.00000	0.000000	446	0	446	46384
009848	0.04272	0.046280	0.00000	0.000000	445	0	445	46280
004357	0.04272	0.046280	0.00000	0.000000	445	0	445	46280
011462	0.04263	0.046176	0.00000	0.000000	444	0	444	46176
008073	0.04263	0.046176	0.00000	0.000000	444	0	444	46176
002811	0.04263	0.046176	0.00000	0.000000	444	0	444	46176
002808	0.04263	0.046176	0.00000	0.000000	444	0	444	46176
004774	0.04253	0.046072	0.00000	0.000000	443	0	443	46072
005836	0.04244	0.045968	0.00000	0.000000	442	0	442	45968
003367	0.04244	0.045968	0.00000	0.000000	442	0	442	45968
007010	0.04234	0.045864	0.00000	0.000000	441	0	441	45864
005205	0.04224	0.045760	0.00000	0.000000	440	0	440	45760
000081	0.04224	0.045760	0.00000	0.000000	440	0	440	45760
010316	0.04215	0.045656	0.00000	0.000000	439	0	439	45656
008345	0.04196	0.045448	0.00000	0.000000	437	0	437	45448
006554	0.04196	0.045448	0.00000	0.000000	437	0	437	45448
003243	0.04196	0.045448	0.00000	0.000000	437	0	437	45448
011874	0.04186	0.045344	0.00000	0.000000	436	0	436	45344
003109	0.04186	0.045344	0.00000	0.000000	436	0	436	45344
005878	0.04176	0.045240	0.00000	0.000000	435	0	435	45240
005787	0.04176	0.045240	0.00000	0.000000	435	0	435	45240
003947	0.04176	0.045240	0.00000	0.000000	435	0	435	45240
001044	0.04176	0.045240	0.00000	0.000000	435	0	435	45240
008014	0.04167	0.045136	0.00000	0.000000	434	0	434	45136
007400	0.04167	0.045136	0.00000	0.000000	434	0	434	45136
006424	0.04167	0.045136	0.00000	0.000000	434	0	434	45136
011494	0.04157	0.045032	0.00000	0.000000	433	0	433	45032
004563	0.04157	0.045032	0.00000	0.000000	433	0	433	45032
003498	0.04157	0.045032	0.00000	0.000000	433	0	433	45032
006490	0.04148	0.044928	0.00000	0.000000	432	0	432	44928
001243	0.04138	0.044824	0.00000	0.000000	431	0	431	44824
010821	0.04119	0.044616	0.00000	0.000000	429	0	429	44616
009381	0.04119	0.044616	0.00000	0.000000	429	0	429	44616
011203	0.04109	0.044512	0.00000	0.000000	428	0	428	44512
010927	0.04109	0.044512	0.00000	0.000000	428	0	428	44512
002801	0.04100	0.044408	0.00000	0.000000	427	0	427	44408
010328	0.04090	0.044304	0.00000	0.000000	426	0	426	44304
005185	0.04090	0.044304	0.00000	0.000000	426	0	426	44304
005077	0.04090	0.044304	0.00000	0.000000	426	0	426	44304
004014	0.04090	0.044304	0.00000	0.000000	426	0	426	44304
000624	0.04090	0.044304	0.00000	0.000000	426	0	426	44304
008228	0.04080	0.044200	0.00000	0.000000	425	0	425	44200
005837	0.04080	0.044200	0.00000	0.000000	425	0	425	44200
010839	0.04071	0.044096	0.00000	0.000000	424	0	424	44096
003423	0.04061	0.043992	0.00000	0.000000	423	0	423	43992
001503	0.04061	0.043992	0.00000	0.000000	423	0	423	43992
011651	0.04052	0.043888	0.00000	0.000000	422	0	422	43888
008222	0.04052	0.043888	0.00000	0.000000	422	0	422	43888
005792	0.04052	0.043888	0.00000	0.000000	422	0	422	43888
003749	0.04052	0.043888	0.00000	0.000000	422	0	422	43888
002465	0.04042	0.043784	0.00000	0.000000	421	0	421	43784
000301	0.04042	0.043784	0.00000	0.000000	421	0	421	43784
010488	0.04032	0.043680	0.00000	0.000000	420	0	420	43680
005626	0.04032	0.043680	0.00000	0.000000	420	0	420	43680
009680	0.04023	0.043576	0.00000	0.000000	419	0	419	43576
004027	0.04023	0.043576	0.00000	0.000000	419	0	419	43576
008580	0.04013	0.043472	0.00000	0.000000	418	0	418	43472
007262	0.04013	0.043472	0.00000	0.000000	418	0	418	43472
003041	0.04013	0.043472	0.00000	0.000000	418	0	418	43472
000824	0.03994	0.043264	0.00000	0.000000	416	0	416	43264
005443	0.03984	0.043160	0.00000	0.000000	415	0	415	43160
000573	0.03975	0.043056	0.00000	0.000000	414	0	414	43056
011650	0.03965	0.042952	0.00000	0.000000	413	0	413	42952
010369	0.03965	0.042952	0.00000	0.000000	413	0	413	42952
009656	0.03965	0.042952	0.00000	0.000000	413	0	413	42952
006430	0.03965	0.042952	0.00000	0.000000	413	0	413	42952
001617	0.03965	0.042952	0.00000	0.000000	413	0	413	42952
001088	0.03965	0.042952	0.00000	0.000000	413	0	413	42952
009666	0.03946	0.042744	0.00000	0.000000	411	0	411	42744
002475	0.03946	0.042744	0.00000	0.000000	411	0	411	42744
011756	0.03927	0.042536	0.00000	0.000000	409	0	409	42536
008410	0.03927	0.042536	0.00000	0.000000	409	0	409	42536
007679	0.03927	0.042536	0.00000	0.000000	409	0	409	42536
004979	0.03927	0.042536	0.00000	0.000000	409	0	409	42536
001910	0.03927	0.042536	0.00000	0.000000	409	0	409	42536
007710	0.03917	0.042432	0.00000	0.000000	408	0	408	42432
002233	0.03917	0.042432	0.00000	0.000000	408	0	408	42432
002041	0.03908	0.042328	0.00000	0.000000	407	0	407	42328
001565	0.03908	0.042328	0.00000	0.000000	407	0	407	42328
009513	0.03898	0.042224	0.00000	0.000000	406	0	406	42224
008052	0.03898	0.042224	0.00000	0.000000	406	0	406	42224
002693	0.03898	0.042224	0.00000	0.000000	406	0	406	42224
000817	0.03898	0.042224	0.00000	0.000000	406	0	406	42224
010202	0.03888	0.042120	0.00000	0.000000	405	0	405	42120
009495	0.03888	0.042120	0.00000	0.000000	405	0	405	42120
006065	0.03888	0.042120	0.00000	0.000000	405	0	405	42120
005261	0.03888	0.042120	0.00000	0.000000	405	0	405	42120
011484	0.03879	0.042016	0.00000	0.000000	404	0	404	42016
003633	0.03879	0.042016	0.00000	0.000000	404	0	404	42016
010528	0.03869	0.041912	0.00000	0.000000	403	0	403	41912
010295	0.03869	0.041912	0.00000	0.000000	403	0	403	41912
006190	0.03869	0.041912	0.00000	0.000000	403	0	403	41912
005857	0.03869	0.041912	0.00000	0.000000	403	0	403	41912
003500	0.03869	0.041912	0.00000	0.000000	403	0	403	41912
007656	0.03850	0.041704	0.00000	0.000000	401	0	401	41704
008184	0.03840	0.041600	0.00000	0.000000	400	0	400	41600
007705	0.03840	0.041600	0.00000	0.000000	400	0	400	41600
004382	0.03840	0.041600	0.00000	0.000000	400	0	400	41600
003603	0.03831	0.041496	0.00000	0.000000	399	0	399	41496
010968	0.03821	0.041392	0.00000	0.000000	398	0	398	41392
009683	0.03821	0.041392	0.00000	0.000000	398	0	398	41392
003936	0.03821	0.041392	0.00000	0.000000	398	0	398	41392
003240	0.03821	0.041392	0.00000	0.000000	398	0	398	41392
006026	0.03812	0.041288	0.00000	0.000000	397	0	397	41288
000250	0.03812	0.041288	0.00000	0.000000	397	0	397	41288
000187	0.03812	0.041288	0.00000	0.000000	397	0	397	41288
009917	0.03802	0.041184	0.00000	0.000000	396	0	396	41184
003652	0.03802	0.041184	0.00000	0.000000	396	0	396	41184
001996	0.03802	0.041184	0.00000	0.000000	396	0	396	41184
010739	0.03792	0.041080	0.00000	0.000000	395	0	395	41080
009847	0.03792	0.041080	0.00000	0.000000	395	0	395	41080
009389	0.03792	0.041080	0.00000	0.000000	395	0	395	41080
005532	0.03792	0.041080	0.00000	0.000000	395	0	395	41080
008896	0.03783	0.040976	0.00000	0.000000	394	0	394	40976
008119	0.03783	0.040976	0.00000	0.000000	394	0	394	40976
007836	0.03783	0.040976	0.00000	0.000000	394	0	394	40976
006872	0.03783	0.040976	0.00000	0.000000	394	0	394	40976
000793	0.03783	0.040976	0.00000	0.000000	394	0	394	40976
007064	0.03773	0.040872	0.00000	0.000000	393	0	393	40872
005329	0.03773	0.040872	0.00000	0.000000	393	0	393	40872
008389	0.03764	0.040768	0.00000	0.000000	392	0	392	40768
008356	0.03764	0.040768	0.00000	0.000000	392	0	392	40768
005316	0.03764	0.040768	0.00000	0.000000	392	0	392	40768
005259	0.03764	0.040768	0.00000	0.000000	392	0	392	40768
003688	0.03764	0.040768	0.00000	0.000000	392	0	392	40768
003384	0.03764	0.040768	0.00000	0.000000	392	0	392	40768
000786	0.03764	0.040768	0.00000	0.000000	392	0	392	40768
008526	0.03754	0.040664	0.00000	0.000000	391	0	391	40664
005413	0.03754	0.040664	0.00000	0.000000	391	0	391	40664
001683	0.03754	0.040664	0.00000	0.000000	391	0	391	40664
000945	0.03754	0.040664	0.00000	0.000000	391	0	391	40664
007586	0.03744	0.040560	0.00000	0.000000	390	0	390	40560
010136	0.03735	0.040456	0.00000	0.000000	389	0	389	40456
011879	0.03725	0.040352	0.00000	0.000000	388	0	388	40352
009061	0.03725	0.040352	0.00000	0.000000	388	0	388	40352
006927	0.03725	0.040352	0.00000	0.000000	388	0	388	40352
005263	0.03725	0.040352	0.00000	0.000000	388	0	388	40352
006906	0.03716	0.040248	0.00000	0.000000	387	0	387	40248
004693	0.03716	0.040248	0.00000	0.000000	387	0	387	40248
005592	0.03706	0.040144	0.00000	0.000000	386	0	386	40144
011612	0.03696	0.040040	0.00000	0.000000	385	0	385	40040
011356	0.03696	0.040040	0.00000	0.000000	385	0	385	40040
004820	0.03687	0.039936	0.00000	0.000000	384	0	384	39936
001958	0.03687	0.039936	0.00000	0.000000	384	0	384	39936
011562	0.03677	0.039832	0.00000	0.000000	383	0	383	39832
006224	0.03677	0.039832	0.00000	0.000000	383	0	383	39832
002958	0.03677	0.039832	0.00000	0.000000	383	0	383	39832
010119	0.03668	0.039728	0.00000	0.000000	382	0	382	39728
007421	0.03668	0.039728	0.00000	0.000000	382	0	382	39728
006911	0.03668	0.039728	0.00000	0.000000	382	0	382	39728
004369	0.03668	0.039728	0.00000	0.000000	382	0	382	39728
011928	0.03658	0.039624	0.00000	0.000000	381	0	381	39624
009730	0.03658	0.039624	0.00000	0.000000	381	0	381	39624
000823	0.03658	0.039624	0.00000	0.000000	381	0	381	39624
008133	0.03648	0.039520	0.00000	0.000000	380	0	380	39520
007681	0.03648	0.039520	0.00000	0.000000	380	0	380	39520
006140	0.03648	0.039520	0.00000	0.000000	380	0	380	39520
004309	0.03648	0.039520	0.00000	0.000000	380	0	380	39520
011218	0.03639	0.039416	0.00000	0.000000	379	0	379	39416
004135	0.03639	0.039416	0.00000	0.000000	379	0	379	39416
011493	0.03629	0.039312	0.00000	0.000000	378	0	378	39312
009486	0.03629	0.039312	0.00000	0.000000	378	0	378	39312
007057	0.03629	0.039312	0.00000	0.000000	378	0	378	39312
008290	0.03620	0.039208	0.00000	0.000000	377	0	377	39208
007804	0.03620	0.039208	0.00000	0.000000	377	0	377	39208
004074	0.03610	0.039104	0.00000	0.000000	376	0	376	39104
003176	0.03610	0.039104	0.00000	0.000000	376	0	376	39104
000915	0.03610	0.039104	0.00000	0.000000	376	0	376	39104
003405	0.03600	0.039000	0.00000	0.000000	375	0	375	39000
000981	0.03600	0.039000	0.00000	0.000000	375	0	375	39000
000017	0.03600	0.039000	0.00000	0.000000	375	0	375	39000
010290	0.03591	0.038896	0.00000	0.000000	374	0	374	38896
007712	0.03591	0.038896	0.00000	0.000000	374	0	374	38896
005975	0.03591	0.038896	0.00000	0.000000	374	0	374	38896
003528	0.03591	0.038896	0.00000	0.000000	374	0	374	38896
010515	0.03581	0.038792	0.00000	0.000000	373	0	373	38792
005138	0.03581	0.038792	0.00000	0.000000	373	0	373	38792
005094	0.03572	0.038688	0.00000	0.000000	372	0	372	38688
006313	0.03562	0.038584	0.00000	0.000000	371	0	371	38584
010691	0.03552	0.038480	0.00000	0.000000	370	0	370	38480
002153	0.03543	0.038376	0.00000	0.000000	369	0	369	38376
011213	0.03533	0.038272	0.00000	0.000000	368	0	368	38272
007823	0.03533	0.038272	0.00000	0.000000	368	0	368	38272
004140	0.03533	0.038272	0.00000	0.000000	368	0	368	38272
002089	0.03533	0.038272	0.00000	0.000000	368	0	368	38272
001532	0.03533	0.038272	0.00000	0.000000	368	0	368	38272
011149	0.03524	0.038168	0.00000	0.000000	367	0	367	38168
010854	0.03514	0.038064	0.00000	0.000000	366	0	366	38064
009746	0.03514	0.038064	0.00000	0.000000	366	0	366	38064
007647	0.03514	0.038064	0.00000	0.000000	366	0	366	38064
011126	0.03504	0.037960	0.00000	0.000000	365	0	365	37960
010561	0.03504	0.037960	0.00000	0.000000	365	0	365	37960
009433	0.03504	0.037960	0.00000	0.000000	365	0	365	37960
011073	0.03495	0.037856	0.00000	0.000000	364	0	364	37856
007356	0.03495	0.037856	0.00000	0.000000	364	0	364	37856
006024	0.03495	0.037856	0.00000	0.000000	364	0	364	37856
004436	0.03495	0.037856	0.00000	0.000000	364	0	364	37856
002260	0.03495	0.037856	0.00000	0.000000	364	0	364	37856
001708	0.03495	0.037856	0.00000	0.000000	364	0	364	37856
000960	0.03485	0.037752	0.00000	0.000000	363	0	363	37752
011031	0.03476	0.037648	0.00000	0.000000	362	0	362	37648
011037	0.03466	0.037544	0.00000	0.000000	361	0	361	37544
005258	0.03466	0.037544	0.00000	0.000000	361	0	361	37544
001553	0.03466	0.037544	0.00000	0.000000	361	0	361	37544
001151	0.03466	0.037544	0.00000	0.000000	361	0	361	37544
000957	0.03466	0.037544	0.00000	0.000000	361	0	361	37544
000225	0.03466	0.037544	0.00000	0.000000	361	0	361	37544
008067	0.03456	0.037440	0.00000	0.000000	360	0	360	37440
006018	0.03456	0.037440	0.00000	0.000000	360	0	360	37440
003414	0.03456	0.037440	0.00000	0.000000	360	0	360	37440
001329	0.03456	0.037440	0.00000	0.000000	360	0	360	37440
010928	0.03447	0.037336	0.00000	0.000000	359	0	359	37336
006096	0.03447	0.037336	0.00000	0.000000	359	0	359	37336
006004	0.03447	0.037336	0.00000	0.000000	359	0	359	37336
010924	0.03437	0.037232	0.00000	0.000000	358	0	358	37232
008051	0.03437	0.037232	0.00000	0.000000	358	0	358	37232
000733	0.03437	0.037232	0.00000	0.000000	358	0	358	37232
006583	0.03428	0.037128	0.00000	0.000000	357	0	357	37128
005813	0.03428	0.037128	0.00000	0.000000	357	0	357	37128
002018	0.03428	0.037128	0.00000	0.000000	357	0	357	37128
004231	0.03418	0.037024	0.00000	0.000000	356	0	356	37024
004283	0.03408	0.036920	0.00000	0.000000	355	0	355	36920
002578	0.03408	0.036920	0.00000	0.000000	355	0	355	36920
010176	0.03399	0.036816	0.00000	0.000000	354	0	354	36816
007553	0.03399	0.036816	0.00000	0.000000	354	0	354	36816
007149	0.03399	0.036816	0.00000	0.000000	354	0	354	36816
001711	0.03399	0.036816	0.00000	0.000000	354	0	354	36816
005656	0.03389	0.036712	0.00000	0.000000	353	0	353	36712
003430	0.03389	0.036712	0.00000	0.000000	353	0	353	36712
001029	0.03389	0.036712	0.00000	0.000000	353	0	353	36712
008334	0.03380	0.036608	0.00000	0.000000	352	0	352	36608
002410	0.03380	0.036608	0.00000	0.000000	352	0	352	36608
003309	0.03370	0.036504	0.00000	0.000000	351	0	351	36504
001896	0.03370	0.036504	0.00000	0.000000	351	0	351	36504
001113	0.03370	0.036504	0.00000	0.000000	351	0	351	36504
007415	0.03360	0.036400	0.00000	0.000000	350	0	350	36400
000182	0.03360	0.036400	0.00000	0.000000	350	0	350	36400
009829	0.03351	0.036296	0.00000	0.000000	349	0	349	36296
007795	0.03351	0.036296	0.00000	0.000000	349	0	349	36296
006343	0.03351	0.036296	0.00000	0.000000	349	0	349	36296
001700	0.03351	0.036296	0.00000	0.000000	349	0	349	36296
001538	0.03351	0.036296	0.00000	0.000000	349	0	349	36296
000280	0.03351	0.036296	0.00000	0.000000	349	0	349	36296
011395	0.03341	0.036192	0.00000	0.000000	348	0	348	36192
005148	0.03341	0.036192	0.00000	0.000000	348	0	348	36192
008299	0.03332	0.036088	0.00000	0.000000	347	0	347	36088
006020	0.03332	0.036088	0.00000	0.000000	347	0	347	36088
007956	0.03322	0.035984	0.00000	0.000000	346	0	346	35984
003567	0.03322	0.035984	0.00000	0.000000	346	0	346	35984
010135	0.03312	0.035880	0.00000	0.000000	345	0	345	35880
008941	0.03312	0.035880	0.00000	0.000000	345	0	345	35880
008025	0.03312	0.035880	0.00000	0.000000	345	0	345	35880
005685	0.03312	0.035880	0.00000	0.000000	345	0	345	35880
005156	0.03312	0.035880	0.00000	0.000000	345	0	345	35880
000037	0.03312	0.035880	0.00000	0.000000	345	0	345	35880
010517	0.03303	0.035776	0.00000	0.000000	344	0	344	35776
009051	0.03303	0.035776	0.00000	0.000000	344	0	344	35776
007927	0.03303	0.035776	0.00000	0.000000	344	0	344	35776
002896	0.03303	0.035776	0.00000	0.000000	344	0	344	35776
001775	0.03303	0.035776	0.00000	0.000000	344	0	344	35776
011705	0.03293	0.035672	0.00000	0.000000	343	0	343	35672
008175	0.03293	0.035672	0.00000	0.000000	343	0	343	35672
007119	0.03293	0.035672	0.00000	0.000000	343	0	343	35672
004853	0.03293	0.035672	0.00000	0.000000	343	0	343	35672
009490	0.03284	0.035568	0.00000	0.000000	342	0	342	35568
009378	0.03284	0.035568	0.00000	0.000000	342	0	342	35568
004931	0.03284	0.035568	0.00000	0.000000	342	0	342	35568
005509	0.03274	0.035464	0.00000	0.000000	341	0	341	35464
005016	0.03274	0.035464	0.00000	0.000000	341	0	341	35464
002722	0.03274	0.035464	0.00000	0.000000	341	0	341	35464
006134	0.03264	0.035360	0.00000	0.000000	340	0	340	35360
003746	0.03264	0.035360	0.00000	0.000000	340	0	340	35360
011178	0.03255	0.035256	0.00000	0.000000	339	0	339	35256
006808	0.03255	0.035256	0.00000	0.000000	339	0	339	35256
006488	0.03255	0.035256	0.00000	0.000000	339	0	339	35256
004965	0.03255	0.035256	0.00000	0.000000	339	0	339	35256
003070	0.03255	0.035256	0.00000	0.000000	339	0	339	35256
006589	0.03245	0.035152	0.00000	0.000000	338	0	338	35152
006293	0.03245	0.035152	0.00000	0.000000	338	0	338	35152
006072	0.03245	0.035152	0.00000	0.000000	338	0	338	35152
005044	0.03245	0.035152	0.00000	0.000000	338	0	338	35152
010063	0.03236	0.035048	0.00000	0.000000	337	0	337	35048
010059	0.03236	0.035048	0.00000	0.000000	337	0	337	35048
008790	0.03236	0.035048	0.00000	0.000000	337	0	337	35048
008529	0.03236	0.035048	0.00000	0.000000	337	0	337	35048
005828	0.03236	0.035048	0.00000	0.000000	337	0	337	35048
004110	0.03236	0.035048	0.00000	0.000000	337	0	337	35048
004980	0.03226	0.034944	0.00000	0.000000	336	0	336	34944
004573	0.03226	0.034944	0.00000	0.000000	336	0	336	34944
010448	0.03207	0.034736	0.00000	0.000000	334	0	334	34736
006063	0.03207	0.034736	0.00000	0.000000	334	0	334	34736
005053	0.03207	0.034736	0.00000	0.000000	334	0	334	34736
004566	0.03207	0.034736	0.00000	0.000000	334	0	334	34736
003582	0.03207	0.034736	0.00000	0.000000	334	0	334	34736
011138	0.03197	0.034632	0.00000	0.000000	333	0	333	34632
004323	0.03197	0.034632	0.00000	0.000000	333	0	333	34632
011946	0.03188	0.034528	0.00000	0.000000	332	0	332	34528
009009	0.03188	0.034528	0.00000	0.000000	332	0	332	34528
008225	0.03188	0.034528	0.00000	0.000000	332	0	332	34528
005037	0.03188	0.034528	0.00000	0.000000	332	0	332	34528
004601	0.03188	0.034528	0.00000	0.000000	332	0	332	34528
002139	0.03188	0.034528	0.00000	0.000000	332	0	332	34528
011897	0.03178	0.034424	0.00000	0.000000	331	0	331	34424
011703	0.03178	0.034424	0.00000	0.000000	331	0	331	34424
007810	0.03178	0.034424	0.00000	0.000000	331	0	331	34424
006950	0.03178	0.034424	0.00000	0.000000	331	0	331	34424
003853	0.03168	0.034320	0.00000	0.000000	330	0	330	34320
002413	0.03168	0.034320	0.00000	0.000000	330	0	330	34320
009997	0.03159	0.034216	0.00000	0.000000	329	0	329	34216
008737	0.03159	0.034216	0.00000	0.000000	329	0	329	34216
004025	0.03159	0.034216	0.00000	0.000000	329	0	329	34216
003997	0.03159	0.034216	0.00000	0.000000	329	0	329	34216
003940	0.03159	0.034216	0.00000	0.000000	329	0	329	34216
000652	0.03159	0.034216	0.00000	0.000000	329	0	329	34216
011778	0.03149	0.034112	0.00000	0.000000	328	0	328	34112
008782	0.03149	0.034112	0.00000	0.000000	328	0	328	34112
007949	0.03149	0.034112	0.00000	0.000000	328	0	328	34112
009249	0.03140	0.034008	0.00000	0.000000	327	0	327	34008
007527	0.03140	0.034008	0.00000	0.000000	327	0	327	34008
003849	0.03140	0.034008	0.00000	0.000000	327	0	327	34008
003732	0.03140	0.034008	0.00000	0.000000	327	0	327	34008
003365	0.03140	0.034008	0.00000	0.000000	327	0	327	34008
001645	0.03140	0.034008	0.00000	0.000000	327	0	327	34008
009663	0.03130	0.033904	0.00000	0.000000	326	0	326	33904
006263	0.03130	0.033904	0.00000	0.000000	326	0	326	33904
003184	0.03130	0.033904	0.00000	0.000000	326	0	326	33904
001333	0.03130	0.033904	0.00000	0.000000	326	0	326	33904
001062	0.03130	0.033904	0.00000	0.000000	326	0	326	33904
000276	0.03130	0.033904	0.00000	0.000000	326	0	326	33904
005346	0.03120	0.033800	0.00000	0.000000	325	0	325	33800
005401	0.03111	0.033696	0.00000	0.000000	324	0	324	33696
003846	0.03111	0.033696	0.00000	0.000000	324	0	324	33696
011968	0.03101	0.033592	0.00000	0.000000	323	0	323	33592
007960	0.03101	0.033592	0.00000	0.000000	323	0	323	33592
007774	0.03101	0.033592	0.00000	0.000000	323	0	323	33592
006878	0.03101	0.033592	0.00000	0.000000	323	0	323	33592
005736	0.03101	0.033592	0.00000	0.000000	323	0	323	33592
003466	0.03101	0.033592	0.00000	0.000000	323	0	323	33592
008123	0.03092	0.033488	0.00000	0.000000	322	0	322	33488
007211	0.03092	0.033488	0.00000	0.000000	322	0	322	33488
002285	0.03092	0.033488	0.00000	0.000000	322	0	322	33488
002276	0.03092	0.033488	0.00000	0.000000	322	0	322	33488
002135	0.03092	0.033488	0.00000	0.000000	322	0	322	33488
007958	0.03072	0.033280	0.00000	0.000000	320	0	320	33280
007721	0.03072	0.033280	0.00000	0.000000	320	0	320	33280
008815	0.03063	0.033176	0.00000	0.000000	319	0	319	33176
006133	0.03063	0.033176	0.00000	0.000000	319	0	319	33176
003641	0.03063	0.033176	0.00000	0.000000	319	0	319	33176
000862	0.03063	0.033176	0.00000	0.000000	319	0	319	33176
002467	0.03053	0.033072	0.00000	0.000000	318	0	318	33072
011797	0.03043	0.032968	0.00000	0.000000	317	0	317	32968
007942	0.03043	0.032968	0.00000	0.000000	317	0	317	32968
006980	0.03043	0.032968	0.00000	0.000000	317	0	317	32968
002147	0.03043	0.032968	0.00000	0.000000	317	0	317	32968
000902	0.03043	0.032968	0.00000	0.000000	317	0	317	32968
008891	0.03034	0.032864	0.00000	0.000000	316	0	316	32864
008533	0.03034	0.032864	0.00000	0.000000	316	0	316	32864
005383	0.03034	0.032864	0.00000	0.000000	316	0	316	32864
001973	0.03034	0.032864	0.00000	0.000000	316	0	316	32864
001891	0.03034	0.032864	0.00000	0.000000	316	0	316	32864
000128	0.03034	0.032864	0.00000	0.000000	316	0	316	32864
006905	0.03024	0.032760	0.00000	0.000000	315	0	315	32760
011196	0.03015	0.032656	0.00000	0.000000	314	0	314	32656
005551	0.03015	0.032656	0.00000	0.000000	314	0	314	32656
005081	0.03015	0.032656	0.00000	0.000000	314	0	314	32656
002907	0.03015	0.032656	0.00000	0.000000	314	0	314	32656
001724	0.03015	0.032656	0.00000	0.000000	314	0	314	32656
004682	0.03005	0.032552	0.00000	0.000000	313	0	313	32552
007440	0.02986	0.032344	0.00000	0.000000	311	0	311	32344
006529	0.02986	0.032344	0.00000	0.000000	311	0	311	32344
006288	0.02986	0.032344	0.00000	0.000000	311	0	311	32344
001498	0.02986	0.032344	0.00000	0.000000	311	0	311	32344
011592	0.02976	0.032240	0.00000	0.000000	310	0	310	32240
002573	0.02976	0.032240	0.00000	0.000000	310	0	310	32240
001876	0.02976	0.032240	0.00000	0.000000	310	0	310	32240
008787	0.02967	0.032136	0.00000	0.000000	309	0	309	32136
006264	0.02967	0.032136	0.00000	0.000000	309	0	309	32136
001833	0.02967	0.032136	0.00000	0.000000	309	0	309	32136
004349	0.02957	0.032032	0.00000	0.000000	308	0	308	32032
008981	0.02947	0.031928	0.00000	0.000000	307	0	307	31928
009245	0.02938	0.031824	0.00000	0.000000	306	0	306	31824
006780	0.02938	0.031824	0.00000	0.000000	306	0	306	31824
005460	0.02928	0.031720	0.00000	0.000000	305	0	305	31720
001712	0.02928	0.031720	0.00000	0.000000	305	0	305	31720
009606	0.02919	0.031616	0.00000	0.000000	304	0	304	31616
007834	0.02919	0.031616	0.00000	0.000000	304	0	304	31616
007348	0.02919	0.031616	0.00000	0.000000	304	0	304	31616
004108	0.02919	0.031616	0.00000	0.000000	304	0	304	31616
001211	0.02919	0.031616	0.00000	0.000000	304	0	304	31616
011984	0.02909	0.031512	0.00000	0.000000	303	0	303	31512
008924	0.02909	0.031512	0.00000	0.000000	303	0	303	31512
005216	0.02909	0.031512	0.00000	0.000000	303	0	303	31512
011344	0.02899	0.031408	0.00000	0.000000	302	0	302	31408
009043	0.02899	0.031408	0.00000	0.000000	302	0	302	31408
005760	0.02899	0.031408	0.00000	0.000000	302	0	302	31408
002681	0.02899	0.031408	0.00000	0.000000	302	0	302	31408
001618	0.02899	0.031408	0.00000	0.000000	302	0	302	31408
009560	0.02890	0.031304	0.00000	0.000000	301	0	301	31304
001603	0.02890	0.031304	0.00000	0.000000	301	0	301	31304
007143	0.02880	0.031200	0.00000	0.000000	300	0	300	31200
007028	0.02880	0.031200	0.00000	0.000000	300	0	300	31200
002950	0.02880	0.031200	0.00000	0.000000	300	0	300	31200
000898	0.02880	0.031200	0.00000	0.000000	300	0	300	31200
008152	0.02871	0.031096	0.00000	0.000000	299	0	299	31096
004857	0.02871	0.031096	0.00000	0.000000	299	0	299	31096
002789	0.02871	0.031096	0.00000	0.000000	299	0	299	31096
001252	0.02871	0.031096	0.00000	0.000000	299	0	299	31096
011488	0.02861	0.030992	0.00000	0.000000	298	0	298	30992
008643	0.02861	0.030992	0.00000	0.000000	298	0	298	30992
006953	0.02861	0.030992	0.00000	0.000000	298	0	298	30992
006267	0.02861	0.030992	0.00000	0.000000	298	0	298	30992
005428	0.02861	0.030992	0.00000	0.000000	298	0	298	30992
002434	0.02861	0.030992	0.00000	0.000000	298	0	298	30992
001297	0.02861	0.030992	0.00000	0.000000	298	0	298	30992
000828	0.02861	0.030992	0.00000	0.000000	298	0	298	30992
000261	0.02861	0.030992	0.00000	0.000000	298	0	298	30992
010477	0.02851	0.030888	0.00000	0.000000	297	0	297	30888
004372	0.02851	0.030888	0.00000	0.000000	297	0	297	30888
003909	0.02851	0.030888	0.00000	0.000000	297	0	297	30888
008759	0.02842	0.030784	0.00000	0.000000	296	0	296	30784
007811	0.02842	0.030784	0.00000	0.000000	296	0	296	30784
005625	0.02842	0.030784	0.00000	0.000000	296	0	296	30784
004837	0.02842	0.030784	0.00000	0.000000	296	0	296	30784
008160	0.02832	0.030680	0.00000	0.000000	295	0	295	30680
004570	0.02832	0.030680	0.00000	0.000000	295	0	295	30680
007406	0.02823	0.030576	0.00000	0.000000	294	0	294	30576
004352	0.02823	0.030576	0.00000	0.000000	294	0	294	30576
003262	0.02823	0.030576	0.00000	0.000000	294	0	294	30576
002676	0.02823	0.030576	0.00000	0.000000	294	0	294	30576
001249	0.02823	0.030576	0.00000	0.000000	294	0	294	30576
000140	0.02823	0.030576	0.00000	0.000000	294	0	294	30576
006914	0.02813	0.030472	0.00000	0.000000	293	0	293	30472
000721	0.02803	0.030368	0.00000	0.000000	292	0	292	30368
009565	0.02794	0.030264	0.00000	0.000000	291	0	291	30264
006825	0.02794	0.030264	0.00000	0.000000	291	0	291	30264
003144	0.02794	0.030264	0.00000	0.000000	291	0	291	30264
002078	0.02794	0.030264	0.00000	0.000000	291	0	291	30264
006652	0.02784	0.030160	0.00000	0.000000	290	0	290	30160
005471	0.02784	0.030160	0.00000	0.000000	290	0	290	30160
004691	0.02784	0.030160	0.00000	0.000000	290	0	290	30160
004452	0.02784	0.030160	0.00000	0.000000	290	0	290	30160
004435	0.02784	0.030160	0.00000	0.000000	290	0	290	30160
000920	0.02784	0.030160	0.00000	0.000000	290	0	290	30160
000693	0.02784	0.030160	0.00000	0.000000	290	0	290	30160
005713	0.02775	0.030056	0.00000	0.000000	289	0	289	30056
005129	0.02775	0.030056	0.00000	0.000000	289	0	289	30056
000155	0.02775	0.030056	0.00000	0.000000	289	0	289	30056
011796	0.02765	0.029952	0.00000	0.000000	288	0	288	29952
008578	0.02765	0.029952	0.00000	0.000000	288	0	288	29952
008010	0.02765	0.029952	0.00000	0.000000	288	0	288	29952
006336	0.02765	0.029952	0.00000	0.000000	288	0	288	29952
003808	0.02765	0.029952	0.00000	0.000000	288	0	288	29952
002216	0.02765	0.029952	0.00000	0.000000	288	0	288	29952
009897	0.02755	0.029848	0.00000	0.000000	287	0	287	29848
008726	0.02755	0.029848	0.00000	0.000000	287	0	287	29848
006891	0.02755	0.029848	0.00000	0.000000	287	0	287	29848
006742	0.02755	0.029848	0.00000	0.000000	287	0	287	29848
006374	0.02755	0.029848	0.00000	0.000000	287	0	287	29848
000718	0.02755	0.029848	0.00000	0.000000	287	0	287	29848
010653	0.02736	0.029640	0.00000	0.000000	285	0	285	29640
010210	0.02736	0.029640	0.00000	0.000000	285	0	285	29640
009132	0.02736	0.029640	0.00000	0.000000	285	0	285	29640
003743	0.02736	0.029640	0.00000	0.000000	285	0	285	29640
011990	0.02727	0.029536	0.00000	0.000000	284	0	284	29536
008693	0.02727	0.029536	0.00000	0.000000	284	0	284	29536
007714	0.02727	0.029536	0.00000	0.000000	284	0	284	29536
004587	0.02727	0.029536	0.00000	0.000000	284	0	284	29536
000851	0.02727	0.029536	0.00000	0.000000	284	0	284	29536
010920	0.02717	0.029432	0.00000	0.000000	283	0	283	29432
008814	0.02717	0.029432	0.00000	0.000000	283	0	283	29432
004379	0.02717	0.029432	0.00000	0.000000	283	0	283	29432
002254	0.02717	0.029432	0.00000	0.000000	283	0	283	29432
000220	0.02717	0.029432	0.00000	0.000000	283	0	283	29432
011005	0.02707	0.029328	0.00000	0.000000	282	0	282	29328
003472	0.02698	0.029224	0.00000	0.000000	281	0	281	29224
003025	0.02698	0.029224	0.00000	0.000000	281	0	281	29224
002014	0.02698	0.029224	0.00000	0.000000	281	0	281	29224
001431	0.02698	0.029224	0.00000	0.000000	281	0	281	29224
010272	0.02688	0.029120	0.00000	0.000000	280	0	280	29120
001127	0.02688	0.029120	0.00000	0.000000	280	0	280	29120
004359	0.02679	0.029016	0.00000	0.000000	279	0	279	29016
003691	0.02679	0.029016	0.00000	0.000000	279	0	279	29016
001251	0.02679	0.029016	0.00000	0.000000	279	0	279	29016
010946	0.02669	0.028912	0.00000	0.000000	278	0	278	28912
009627	0.02669	0.028912	0.00000	0.000000	278	0	278	28912
008509	0.02669	0.028912	0.00000	0.000000	278	0	278	28912
004032	0.02669	0.028912	0.00000	0.000000	278	0	278	28912
006457	0.02659	0.028808	0.00000	0.000000	277	0	277	28808
004477	0.02659	0.028808	0.00000	0.000000	277	0	277	28808
001615	0.02659	0.028808	0.00000	0.000000	277	0	277	28808
008687	0.02650	0.028704	0.00000	0.000000	276	0	276	28704
006853	0.02650	0.028704	0.00000	0.000000	276	0	276	28704
005771	0.02650	0.028704	0.00000	0.000000	276	0	276	28704
005747	0.02650	0.028704	0.00000	0.000000	276	0	276	28704
004770	0.02650	0.028704	0.00000	0.000000	276	0	276	28704
010436	0.02640	0.028600	0.00000	0.000000	275	0	275	28600
008863	0.02640	0.028600	0.00000	0.000000	275	0	275	28600
008193	0.02640	0.028600	0.00000	0.000000	275	0	275	28600
008162	0.02640	0.028600	0.00000	0.000000	275	0	275	28600
002746	0.02640	0.028600	0.00000	0.000000	275	0	275	28600
011661	0.02631	0.028496	0.00000	0.000000	274	0	274	28496
010935	0.02631	0.028496	0.00000	0.000000	274	0	274	28496
009232	0.02631	0.028496	0.00000	0.000000	274	0	274	28496
008785	0.02631	0.028496	0.00000	0.000000	274	0	274	28496
006435	0.02631	0.028496	0.00000	0.000000	274	0	274	28496
005756	0.02631	0.028496	0.00000	0.000000	274	0	274	28496
004666	0.02631	0.028496	0.00000	0.000000	274	0	274	28496
001100	0.02631	0.028496	0.00000	0.000000	274	0	274	28496
010753	0.02621	0.028392	0.00000	0.000000	273	0	273	28392
004825	0.02621	0.028392	0.00000	0.000000	273	0	273	28392
000659	0.02621	0.028392	0.00000	0.000000	273	0	273	28392
007702	0.02611	0.028288	0.00000	0.000000	272	0	272	28288
005054	0.02611	0.028288	0.00000	0.000000	272	0	272	28288
004083	0.02611	0.028288	0.00000	0.000000	272	0	272	28288
007278	0.02602	0.028184	0.00000	0.000000	271	0	271	28184
010330	0.02592	0.028080	0.00000	0.000000	270	0	270	28080
001204	0.02592	0.028080	0.00000	0.000000	270	0	270	28080
009867	0.02573	0.027872	0.00000	0.000000	268	0	268	27872
008481	0.02573	0.027872	0.00000	0.000000	268	0	268	27872
007222	0.02573	0.027872	0.00000	0.000000	268	0	268	27872
000468	0.02573	0.027872	0.00000	0.000000	268	0	268	27872
005764	0.02563	0.027768	0.00000	0.000000	267	0	267	27768
002495	0.02563	0.027768	0.00000	0.000000	267	0	267	27768
001303	0.02563	0.027768	0.00000	0.000000	267	0	267	27768
011237	0.02554	0.027664	0.00000	0.000000	266	0	266	27664
009587	0.02554	0.027664	0.00000	0.000000	266	0	266	27664
007689	0.02554	0.027664	0.00000	0.000000	266	0	266	27664
005852	0.02554	0.027664	0.00000	0.000000	266	0	266	27664
005337	0.02544	0.027560	0.00000	0.000000	265	0	265	27560
000644	0.02544	0.027560	0.00000	0.000000	265	0	265	27560
007298	0.02535	0.027456	0.00000	0.000000	264	0	264	27456
003233	0.02535	0.027456	0.00000	0.000000	264	0	264	27456
003289	0.02515	0.027248	0.00000	0.000000	262	0	262	27248
001087	0.02515	0.027248	0.00000	0.000000	262	0	262	27248
009588	0.02506	0.027144	0.00000	0.000000	261	0	261	27144
009130	0.02506	0.027144	0.00000	0.000000	261	0	261	27144
009030	0.02506	0.027144	0.00000	0.000000	261	0	261	27144
005196	0.02506	0.027144	0.00000	0.000000	261	0	261	27144
003877	0.02506	0.027144	0.00000	0.000000	261	0	261	27144
000826	0.02506	0.027144	0.00000	0.000000	261	0	261	27144
007428	0.02496	0.027040	0.00000	0.000000	260	0	260	27040
006364	0.02496	0.027040	0.00000	0.000000	260	0	260	27040
005976	0.02496	0.027040	0.00000	0.000000	260	0	260	27040
007394	0.02487	0.026936	0.00000	0.000000	259	0	259	26936
009458	0.02467	0.026728	0.00000	0.000000	257	0	257	26728
008609	0.02467	0.026728	0.00000	0.000000	257	0	257	26728
007874	0.02467	0.026728	0.00000	0.000000	257	0	257	26728
007635	0.02467	0.026728	0.00000	0.000000	257	0	257	26728
001495	0.02467	0.026728	0.00000	0.000000	257	0	257	26728
009185	0.02458	0.026624	0.00000	0.000000	256	0	256	26624
007704	0.02458	0.026624	0.00000	0.000000	256	0	256	26624
006926	0.02458	0.026624	0.00000	0.000000	256	0	256	26624
004916	0.02458	0.026624	0.00000	0.000000	256	0	256	26624
001730	0.02458	0.026624	0.00000	0.000000	256	0	256	26624
001308	0.02458	0.026624	0.00000	0.000000	256	0	256	26624
000370	0.02458	0.026624	0.00000	0.000000	256	0	256	26624
009420	0.02448	0.026520	0.00000	0.000000	255	0	255	26520
004522	0.02448	0.026520	0.00000	0.000000	255	0	255	26520
003083	0.02448	0.026520	0.00000	0.000000	255	0	255	26520
004204	0.02439	0.026416	0.00000	0.000000	254	0	254	26416
003515	0.02439	0.026416	0.00000	0.000000	254	0	254	26416
000143	0.02439	0.026416	0.00000	0.000000	254	0	254	26416
000505	0.02429	0.026312	0.00000	0.000000	253	0	253	26312
005246	0.02419	0.026208	0.00000	0.000000	252	0	252	26208
002820	0.02419	0.026208	0.00000	0.000000	252	0	252	26208
000720	0.02419	0.026208	0.00000	0.000000	252	0	252	26208
010292	0.02410	0.026104	0.00000	0.000000	251	0	251	26104
009910	0.02410	0.026104	0.00000	0.000000	251	0	251	26104
007503	0.02410	0.026104	0.00000	0.000000	251	0	251	26104
007215	0.02410	0.026104	0.00000	0.000000	251	0	251	26104
005633	0.02410	0.026104	0.00000	0.000000	251	0	251	26104
010070	0.02400	0.026000	0.00000	0.000000	250	0	250	26000
008705	0.02400	0.026000	0.00000	0.000000	250	0	250	26000
008050	0.02400	0.026000	0.00000	0.000000	250	0	250	26000
004835	0.02400	0.026000	0.00000	0.000000	250	0	250	26000
010657	0.02391	0.025896	0.00000	0.000000	249	0	249	25896
010294	0.02391	0.025896	0.00000	0.000000	249	0	249	25896
010021	0.02391	0.025896	0.00000	0.000000	249	0	249	25896
009729	0.02391	0.025896	0.00000	0.000000	249	0	249	25896
008126	0.02391	0.025896	0.00000	0.000000	249	0	249	25896
000332	0.02391	0.025896	0.00000	0.000000	249	0	249	25896
010723	0.02381	0.025792	0.00000	0.000000	248	0	248	25792
004516	0.02381	0.025792	0.00000	0.000000	248	0	248	25792
010775	0.02371	0.025688	0.00000	0.000000	247	0	247	25688
009643	0.02371	0.025688	0.00000	0.000000	247	0	247	25688
003577	0.02362	0.025584	0.00000	0.000000	246	0	246	25584
003369	0.02362	0.025584	0.00000	0.000000	246	0	246	25584
002080	0.02362	0.025584	0.00000	0.000000	246	0	246	25584
006141	0.02352	0.025480	0.00000	0.000000	245	0	245	25480
001959	0.02352	0.025480	0.00000	0.000000	245	0	245	25480
010810	0.02343	0.025376	0.00000	0.000000	244	0	244	25376
008340	0.02343	0.025376	0.00000	0.000000	244	0	244	25376
008001	0.02343	0.025376	0.00000	0.000000	244	0	244	25376
007742	0.02343	0.025376	0.00000	0.000000	244	0	244	25376
004792	0.02343	0.025376	0.00000	0.000000	244	0	244	25376
000831	0.02333	0.025272	0.00000	0.000000	243	0	243	25272
000899	0.02323	0.025168	0.00000	0.000000	242	0	242	25168
003364	0.02304	0.024960	0.00000	0.000000	240	0	240	24960
002483	0.02304	0.024960	0.00000	0.000000	240	0	240	24960
011561	0.02295	0.024856	0.00000	0.000000	239	0	239	24856
010856	0.02295	0.024856	0.00000	0.000000	239	0	239	24856
008101	0.02295	0.024856	0.00000	0.000000	239	0	239	24856
003099	0.02295	0.024856	0.00000	0.000000	239	0	239	24856
002979	0.02295	0.024856	0.00000	0.000000	239	0	239	24856
007717	0.02285	0.024752	0.00000	0.000000	238	0	238	24752
011480	0.02275	0.024648	0.00000	0.000000	237	0	237	24648
006918	0.02275	0.024648	0.00000	0.000000	237	0	237	24648
006687	0.02275	0.024648	0.00000	0.000000	237	0	237	24648
002329	0.02275	0.024648	0.00000	0.000000	237	0	237	24648
006366	0.02266	0.024544	0.00000	0.000000	236	0	236	24544
003866	0.02266	0.024544	0.00000	0.000000	236	0	236	24544
011003	0.02256	0.024440	0.00000	0.000000	235	0	235	24440
004368	0.02256	0.024440	0.00000	0.000000	235	0	235	24440
003859	0.02256	0.024440	0.00000	0.000000	235	0	235	24440
010767	0.02247	0.024336	0.00000	0.000000	234	0	234	24336
010676	0.02247	0.024336	0.00000	0.000000	234	0	234	24336
004325	0.02247	0.024336	0.00000	0.000000	234	0	234	24336
010100	0.02237	0.024232	0.00000	0.000000	233	0	233	24232
002916	0.02237	0.024232	0.00000	0.000000	233	0	233	24232
009924	0.02227	0.024128	0.00000	0.000000	232	0	232	24128
005654	0.02218	0.024024	0.00000	0.000000	231	0	231	24024
003174	0.02218	0.024024	0.00000	0.000000	231	0	231	24024
002819	0.02218	0.024024	0.00000	0.000000	231	0	231	24024
000331	0.02218	0.024024	0.00000	0.000000	231	0	231	24024
010139	0.02208	0.023920	0.00000	0.000000	230	0	230	23920
007866	0.02208	0.023920	0.00000	0.000000	230	0	230	23920
005245	0.02208	0.023920	0.00000	0.000000	230	0	230	23920
010417	0.02199	0.023816	0.00000	0.000000	229	0	229	23816
010366	0.02199	0.023816	0.00000	0.000000	229	0	229	23816
007947	0.02199	0.023816	0.00000	0.000000	229	0	229	23816
003903	0.02199	0.023816	0.00000	0.000000	229	0	229	23816
001514	0.02199	0.023816	0.00000	0.000000	229	0	229	23816
008495	0.02189	0.023712	0.00000	0.000000	228	0	228	23712
004879	0.02189	0.023712	0.00000	0.000000	228	0	228	23712
008995	0.02170	0.023504	0.00000	0.000000	226	0	226	23504
000969	0.02170	0.023504	0.00000	0.000000	226	0	226	23504
009222	0.02160	0.023400	0.00000	0.000000	225	0	225	23400
008450	0.02160	0.023400	0.00000	0.000000	225	0	225	23400
007018	0.02151	0.023296	0.00000	0.000000	224	0	224	23296
005725	0.02151	0.023296	0.00000	0.000000	224	0	224	23296
005335	0.02151	0.023296	0.00000	0.000000	224	0	224	23296
000884	0.02151	0.023296	0.00000	0.000000	224	0	224	23296
011581	0.02141	0.023192	0.00000	0.000000	223	0	223	23192
010056	0.02141	0.023192	0.00000	0.000000	223	0	223	23192
009994	0.02141	0.023192	0.00000	0.000000	223	0	223	23192
008372	0.02131	0.023088	0.00000	0.000000	222	0	222	23088
000190	0.02131	0.023088	0.00000	0.000000	222	0	222	23088
010466	0.02112	0.022880	0.00000	0.000000	220	0	220	22880
003767	0.02112	0.022880	0.00000	0.000000	220	0	220	22880
003645	0.02112	0.022880	0.00000	0.000000	220	0	220	22880
001660	0.02112	0.022880	0.00000	0.000000	220	0	220	22880
005426	0.02103	0.022776	0.00000	0.000000	219	0	219	22776
004012	0.02103	0.022776	0.00000	0.000000	219	0	219	22776
011357	0.02093	0.022672	0.00000	0.000000	218	0	218	22672
003030	0.02093	0.022672	0.00000	0.000000	218	0	218	22672
007640	0.02083	0.022568	0.00000	0.000000	217	0	217	22568
003483	0.02074	0.022464	0.00000	0.000000	216	0	216	22464
001478	0.02074	0.022464	0.00000	0.000000	216	0	216	22464
002781	0.02064	0.022360	0.00000	0.000000	215	0	215	22360
006461	0.02055	0.022256	0.00000	0.000000	214	0	214	22256
002821	0.02055	0.022256	0.00000	0.000000	214	0	214	22256
008187	0.02045	0.022152	0.00000	0.000000	213	0	213	22152
006711	0.02045	0.022152	0.00000	0.000000	213	0	213	22152
002568	0.02035	0.022048	0.00000	0.000000	212	0	212	22048
008202	0.02026	0.021944	0.00000	0.000000	211	0	211	21944
003869	0.02026	0.021944	0.00000	0.000000	211	0	211	21944
002725	0.02016	0.021840	0.00000	0.000000	210	0	210	21840
010683	0.02007	0.021736	0.00000	0.000000	209	0	209	21736
010542	0.02007	0.021736	0.00000	0.000000	209	0	209	21736
009354	0.01997	0.021632	0.00000	0.000000	208	0	208	21632
006805	0.01997	0.021632	0.00000	0.000000	208	0	208	21632
005743	0.01978	0.021424	0.00000	0.000000	206	0	206	21424
010230	0.01968	0.021320	0.00000	0.000000	205	0	205	21320
007319	0.01968	0.021320	0.00000	0.000000	205	0	205	21320
006036	0.01968	0.021320	0.00000	0.000000	205	0	205	21320
000050	0.01959	0.021216	0.00000	0.000000	204	0	204	21216
010222	0.01949	0.021112	0.00000	0.000000	203	0	203	21112
009335	0.01949	0.021112	0.00000	0.000000	203	0	203	21112
009226	0.01949	0.021112	0.00000	0.000000	203	0	203	21112
005466	0.01949	0.021112	0.00000	0.000000	203	0	203	21112
002054	0.01949	0.021112	0.00000	0.000000	203	0	203	21112
008180	0.01939	0.021008	0.00000	0.000000	202	0	202	21008
004479	0.01939	0.021008	0.00000	0.000000	202	0	202	21008
011615	0.01930	0.020904	0.00000	0.000000	201	0	201	20904
010518	0.01930	0.020904	0.00000	0.000000	201	0	201	20904
009654	0.01930	0.020904	0.00000	0.000000	201	0	201	20904
011617	0.01920	0.020800	0.00000	0.000000	200	0	200	20800
007047	0.01920	0.020800	0.00000	0.000000	200	0	200	20800
006694	0.01920	0.020800	0.00000	0.000000	200	0	200	20800
005866	0.01911	0.020696	0.00000	0.000000	199	0	199	20696
000628	0.01911	0.020696	0.00000	0.000000	199	0	199	20696
010411	0.01901	0.020592	0.00000	0.000000	198	0	198	20592
009887	0.01901	0.020592	0.00000	0.000000	198	0	198	20592
007024	0.01901	0.020592	0.00000	0.000000	198	0	198	20592
009149	0.01891	0.020488	0.00000	0.000000	197	0	197	20488
007123	0.01891	0.020488	0.00000	0.000000	197	0	197	20488
000358	0.01891	0.020488	0.00000	0.000000	197	0	197	20488
004763	0.01882	0.020384	0.00000	0.000000	196	0	196	20384
005536	0.01872	0.020280	0.00000	0.000000	195	0	195	20280
006147	0.01863	0.020176	0.00000	0.000000	194	0	194	20176
008116	0.01843	0.019968	0.00000	0.000000	192	0	192	19968
000690	0.01843	0.019968	0.00000	0.000000	192	0	192	19968
010564	0.01815	0.019656	0.00000	0.000000	189	0	189	19656
010074	0.01815	0.019656	0.00000	0.000000	189	0	189	19656
009219	0.01786	0.019344	0.00000	0.000000	186	0	186	19344
009585	0.01747	0.018928	0.00000	0.000000	182	0	182	18928
002271	0.01747	0.018928	0.00000	0.000000	182	0	182	18928
007516	0.01728	0.018720	0.00000	0.000000	180	0	180	18720
007251	0.01728	0.018720	0.00000	0.000000	180	0	180	18720
011074	0.01719	0.018616	0.00000	0.000000	179	0	179	18616
011295	0.01709	0.018512	0.00000	0.000000	178	0	178	18512
010663	0.01709	0.018512	0.00000	0.000000	178	0	178	18512
008513	0.01699	0.018408	0.00000	0.000000	177	0	177	18408
005850	0.01680	0.018200	0.00000	0.000000	175	0	175	18200
002341	0.01680	0.018200	0.00000	0.000000	175	0	175	18200
001267	0.01680	0.018200	0.00000	0.000000	175	0	175	18200
004197	0.01671	0.018096	0.00000	0.000000	174	0	174	18096
009355	0.01661	0.017992	0.00000	0.000000	173	0	173	17992
009529	0.01651	0.017888	0.00000	0.000000	172	0	172	17888
004812	0.01651	0.017888	0.00000	0.000000	172	0	172	17888
009649	0.01642	0.017784	0.00000	0.000000	171	0	171	17784
001475	0.01632	0.017680	0.00000	0.000000	170	0	170	17680
003888	0.01623	0.017576	0.00000	0.000000	169	0	169	17576
009981	0.01584	0.017160	0.00000	0.000000	165	0	165	17160
011439	0.01565	0.016952	0.00000	0.000000	163	0	163	16952
001277	0.01555	0.016848	0.00000	0.000000	162	0	162	16848
008455	0.01536	0.016640	0.00000	0.000000	160	0	160	16640
004832	0.01507	0.016328	0.00000	0.000000	157	0	157	16328
001970	0.01507	0.016328	0.00000	0.000000	157	0	157	16328
004361	0.01479	0.016016	0.00000	0.000000	154	0	154	16016
001769	0.01469	0.015912	0.00000	0.000000	153	0	153	15912
010768	0.01459	0.015808	0.00000	0.000000	152	0	152	15808
004859	0.01450	0.015704	0.00000	0.000000	151	0	151	15704
004847	0.01450	0.015704	0.00000	0.000000	151	0	151	15704
003152	0.01392	0.015080	0.00000	0.000000	145	0	145	15080
000229	0.01383	0.014976	0.00000	0.000000	144	0	144	14976
004609	0.01354	0.014664	0.00000	0.000000	141	0	141	14664
008475	0.01344	0.014560	0.00000	0.000000	140	0	140	14560
010452	0.01335	0.014456	0.00000	0.000000	139	0	139	14456
008676	0.01325	0.014352	0.00000	0.000000	138	0	138	14352
011779	0.01306	0.014144	0.00000	0.000000	136	0	136	14144
011443	0.01306	0.014144	0.00000	0.000000	136	0	136	14144
008680	0.01277	0.013832	0.00000	0.000000	133	0	133	13832
004328	0.01267	0.013728	0.00000	0.000000	132	0	132	13728
000504	0.01258	0.013624	0.00000	0.000000	131	0	131	13624
009322	0.01239	0.013416	0.00000	0.000000	129	0	129	13416
001924	0.01239	0.013416	0.00000	0.000000	129	0	129	13416
009324	0.01200	0.013000	0.00000	0.000000	125	0	125	13000
004986	0.01191	0.012896	0.00000	0.000000	124	0	124	12896
000110	0.01133	0.012272	0.00000	0.000000	118	0	118	12272
004113	0.01123	0.012168	0.00000	0.000000	117	0	117	12168
007780	0.01075	0.011648	0.00000	0.000000	112	0	112	11648
005118	0.01075	0.011648	0.00000	0.000000	112	0	112	11648
009597	0.01066	0.011544	0.00000	0.000000	111	0	111	11544
007330	0.01066	0.011544	0.00000	0.000000	111	0	111	11544
005883	0.01037	0.011232	0.00000	0.000000	108	0	108	11232
009795	0.01027	0.011128	0.00000	0.000000	107	0	107	11128
000924	0.00960	0.010400	0.00000	0.000000	100	0	100	10400
006778	0.00950	0.010296	0.00000	0.000000	99	0	99	10296
008053	0.00941	0.010192	0.00000	0.000000	98	0	98	10192
008207	0.00902	0.009776	0.00000	0.000000	94	0	94	9776
003809	0.00883	0.009568	0.00000	0.000000	92	0	92	9568
000576	0.00230	0.002496	0.00000	0.000000	24	0	24	2496
003924	0.00182	0.001976	0.00000	0.000000	19	0	19	1976
010012	0.00144	0.001560	0.00000	0.000000	15	0	15	1560
008559	0.00134	0.001456	0.00000	0.000000	14	0	14	1456
001500	0.00125	0.001352	0.00000	0.000000	13	0	13	1352
003797	0.00115	0.001248	0.00000	0.000000	12	0	12	1248
010045	0.00106	0.001144	0.00000	0.000000	11	0	11	1144
010374	0.00096	0.001040	0.00000	0.000000	10	0	10	1040
003001	0.00086	0.000936	0.00000	0.000000	9	0	9	936
002432	0.00086	0.000936	0.00000	0.000000	9	0	9	936
009632	0.00077	0.000832	0.00000	0.000000	8	0	8	832
000436	0.00067	0.000728	0.00000	0.000000	7	0	7	728
006283	0.00048	0.000520	0.00000	0.000000	5	0	5	520
003202	0.00048	0.000520	0.00000	0.000000	5	0	5	520
001877	0.00048	0.000520	0.00000	0.000000	5	0	5	520
000541	0.00048	0.000520	0.00000	0.000000	5	0	5	520
009918	0.00038	0.000416	0.00000	0.000000	4	0	4	416
009713	0.00038	0.000416	0.00000	0.000000	4	0	4	416
002735	0.00038	0.000416	0.00000	0.000000	4	0	4	416
007201	0.00029	0.000312	0.00000	0.000000	3	0	3	312
006450	0.00029	0.000312	0.00000	0.000000	3	0	3	312
005356	0.00029	0.000312	0.00000	0.000000	3	0	3	312
002382	0.00029	0.000312	0.00000	0.000000	3	0	3	312
001801	0.00029	0.000312	0.00000	0.000000	3	0	3	312
010229	0.00019	0.000208	0.00000	0.000000	2	0	2	208
001271	0.00010	0.000104	0.00000	0.000000	1	0	1	104
